0.0
0.00999983333417
0.0199986666933
0.0299955002025
0.0399893341866
0.0499791692707
0.0599640064794
0.0699428473375
0.0799146939692
0.089878549198
0.0998334166468
0.109778300837
0.119712207289
0.12963414262
0.139543114644
0.149438132474
0.159318206614
0.169182349067
0.179029573426
0.188858894977
0.198669330795
0.208459899846
0.218229623081
0.227977523535
0.237702626427
0.247403959255
0.257080551892
0.266731436689
0.276355648564
0.285952225105
0.295520206661
0.305058636443
0.314566560616
0.324043028395
0.333487092141
0.342897807455
0.352274233275
0.361615431965
0.370920469413
0.380188415123
0.389418342309
0.398609327984
0.40776045306
0.416870802429
0.425939465066
0.434965534111
0.443948106966
0.452886285379
0.461779175541
0.470625888171
0.479425538604
0.488177246883
0.496880137844
0.505533341205
0.514135991653
0.522687228931
0.531186197921
0.539632048734
0.548023936792
0.556361022913
0.564642473395
0.5728674601
0.581035160537
0.589144757942
0.597195441362
0.605186405736
0.613116851973
0.620985987037
0.628793024018
0.636537182222
0.644217687238
0.651833771022
0.659384671971
0.666869635004
0.674287911628
0.681638760023
0.688921445111
0.696135238627
0.7032794192
0.710353272418
0.7173560909
0.72428717437
0.731145829727
0.73793137111
0.744643119971
0.75128040514
0.757842562895
0.764328937026
0.770738878899
0.777071747527
0.783326909627
0.78950373969
0.795601620036
0.801619940884
0.807558100405
0.813415504789
0.819191568301
0.824885713338
0.830497370492
0.836025978601
0.841470984808
0.846831844618
0.852108021949
0.857298989189
0.862404227243
0.867423225594
0.872355482345
0.877200504275
0.881957806885
0.886626914449
0.891207360061
0.89569868568
0.900100442177
0.904412189379
0.908633496116
0.912763940261
0.916803108772
0.920750597736
0.924606012408
0.928368967249
0.932039085967
0.935616001553
0.939099356319
0.942488801932
0.94578399945
0.948984619356
0.952090341591
0.955100855585
0.958015860289
0.960835064206
0.963558185417
0.966184951613
0.968715100118
0.971148377921
0.973484541695
0.975723357827
0.977864602435
0.979908061399
0.981853530372
0.983700814811
0.985449729988
0.987100101014
0.988651762852
0.990104560337
0.991458348192
0.992712991038
0.993868363412
0.994924349778
0.995880844538
0.996737752043
0.997494986604
0.998152472498
0.998710143976
0.999167945271
0.999525830605
0.999783764189
0.99994172023
0.999999682932
0.999957646499
0.999815615134
0.999573603042
0.999231634421
0.998789743471
0.998247974378
0.997606381319
0.996865028454
0.996023989917
0.99508334981
0.994043202198
0.992903651094
0.991664810452
0.990326804156
0.988889766005
0.987353839701
0.985719178836
0.983985946874
0.982154317138
0.980224472788
0.978196606808
0.976070921983
0.973847630878
0.971526955822
0.96910912888
0.966594391833
0.963982996152
0.961275202975
0.958471283079
0.955571516853
0.952576194272
0.949485614865
0.946300087687
0.94301993129
0.939645473685
0.936177052316
0.932615014022
0.928959715004
0.925211520788
0.921370806191
0.917437955282
0.913413361341
0.909297426826
0.905090563325
0.900793191523
0.896405741152
0.891928650953
0.887362368633
0.882707350816
0.877964062999
0.873132979508
0.868214583446
0.863209366649
0.858117829635
0.852940481553
0.847677840134
0.842330431637
0.836898790798
0.831383460779
0.825784993106
0.820103947621
0.814340892426
0.80849640382
0.802571066247
0.796565472236
0.790480222342
0.784315925084
0.778073196888
0.77175266202
0.765354952529
0.758880708181
0.752330576394
0.745705212177
0.739005278059
0.73223144403
0.725384387467
0.718464793069
0.711473352791
0.70441076577
0.69727773826
0.690074983557
0.682803221931
0.675463180551
0.668055593416
0.660581201279
0.653040751572
0.645434998334
0.637764702135
0.630030629996
0.622233555319
0.614374257806
0.606453523378
0.598472144104
0.590430918114
0.582330649524
0.574172148355
0.565956230449
0.557683717391
0.549355436427
0.540972220377
0.532534907556
0.524044341687
0.515501371821
0.506906852248
0.498261642412
0.489566606827
0.480822614989
0.47203054129
0.46319126493
0.45430566983
0.445374644542
0.43639908216
0.427379880234
0.418317940676
0.409214169672
0.400069477592
0.390884778898
0.381660992052
0.372399039425
0.363099847204
0.353764345301
0.344393467258
0.334988150156
0.325549334518
0.316077964217
0.306574986384
0.297041351307
0.287478012343
0.277885925817
0.26826605093
0.258619349661
0.248946786673
0.239249329214
0.229527947021
0.219783612225
0.210017299251
0.200229984722
0.190422647361
0.180596267894
0.170751828951
0.160890314967
0.151012712086
0.14112000806
0.13121319215
0.121293255031
0.111361188687
0.101417986317
0.0914646422325
0.0815021517603
0.0715315111409
0.0615537174299
0.0515697683986
0.0415806624333
0.0315873984365
0.0215909757261
0.0115923939362
0.00159265291651
-0.00840724736713
-0.018406306933
-0.0284035258836
-0.0383979045052
-0.0483884433684
-0.0583741434276
-0.068354006121
-0.0783270334708
-0.0882922281826
-0.0982485937451
-0.10819513453
-0.118130855892
-0.128054764266
-0.137965867271
-0.147863173804
-0.157745694143
-0.167612440044
-0.177462424841
-0.187294663543
-0.197108172935
-0.206901971673
-0.216675080387
-0.226426521774
-0.236155320697
-0.245860504285
-0.255541102027
-0.265196145872
-0.274824670323
-0.284425712536
-0.293998312416
-0.303541512708
-0.313054359103
-0.322535900322
-0.331985188221
-0.341401277877
-0.35078322769
-0.360130099472
-0.369440958544
-0.378714873829
-0.387950917942
-0.397148167286
-0.406305702144
-0.415422606771
-0.424497969484
-0.433530882753
-0.442520443295
-0.451465752161
-0.460365914829
-0.469220041289
-0.478027246135
-0.486786648656
-0.495497372917
-0.504158547854
-0.512769307356
-0.521328790354
-0.529836140908
-0.53829050829
-0.546691047069
-0.555036917199
-0.5633272841
-0.571561318742
-0.579738197729
-0.587857103378
-0.595917223808
-0.603917753011
-0.611857890943
-0.619736843595
-0.627553823079
-0.635308047704
-0.642998742054
-0.650625137065
-0.658186470105
-0.665681985046
-0.673110932344
-0.680472569109
-0.687766159184
-0.694990973216
-0.702146288731
-0.709231390201
-0.716245569124
-0.723188124086
-0.730058360839
-0.736855592364
-0.743579138944
-0.75022832823
-0.756802495308
-0.763300982767
-0.769723140764
-0.776068327088
-0.782335907227
-0.788525254426
-0.794635749757
-0.800666782176
-0.806617748583
-0.812488053888
-0.818277111064
-0.823984341212
-0.829609173611
-0.835151045785
-0.84060940355
-0.845983701075
-0.851273400936
-0.856477974165
-0.861596900311
-0.866629667484
-0.871575772414
-0.876434720492
-0.881206025828
-0.885889211297
-0.890483808582
-0.894989358229
-0.899405409685
-0.90373152135
-0.907967260616
-0.912112203913
-0.916165936749
-0.920128053756
-0.923998158723
-0.927775864645
-0.931460793753
-0.935052577558
-0.938550856885
-0.941955281908
-0.945265512188
-0.948481216704
-0.95160207389
-0.95462777166
-0.957558007449
-0.960392488236
-0.963130930573
-0.965773060621
-0.968318614167
-0.970767336658
-0.973118983225
-0.975373318705
-0.977530117665
-0.979589164428
-0.981550253092
-0.983413187547
-0.985177781504
-0.986843858503
-0.988411251939
-0.989879805073
-0.991249371052
-0.99251981292
-0.993691003633
-0.994762826075
-0.995735173062
-0.996607947362
-0.997381061698
-0.998054438759
-0.998628011207
-0.999101721687
-0.999475522827
-0.999749377248
-0.999923257564
-0.999997146388
-0.99997103633
-0.999844930002
-0.999618840014
-0.999292788975
-0.99886680949
-0.998340944157
-0.997715245561
-0.996989776272
-0.996164608836
-0.995239825769
-0.994215519549
-0.993091792606
-0.991868757311
-0.990546535967
-0.989125260794
-0.98760507392
-0.985986127362
-0.984268583012
-0.982452612624
-0.980538397794
-0.978526129941
-0.976416010291
-0.974208249853
-0.971903069402
-0.969500699454
-0.967001380244
-0.964405361702
-0.961712903427
-0.958924274663
-0.956039754271
-0.9530596307
-0.949984201961
-0.946813775593
-0.943548668636
-0.940189207599
-0.936735728424
-0.933188576457
-0.929548106411
-0.925814682328
-0.921988677548
-0.918070474669
-0.914060465508
-0.909959051062
-0.905766641469
-0.901483655966
-0.89711052285
-0.892647679428
-0.888095571983
-0.88345465572
-0.878725394728
-0.873908261929
-0.869003739032
-0.864012316485
-0.858934493427
-0.853770777635
-0.848521685476
-0.843187741856
-0.837769480165
-0.832267442224
-0.826682178232
-0.821014246711
-0.81526421445
-0.809432656447
-0.803520155852
-0.797527303912
-0.791454699906
-0.785302951089
-0.779072672631
-0.772764487556
-0.766379026676
-0.759916928532
-0.753378839328
-0.746765412868
-0.740077310489
-0.733315200996
-0.726479760593
-0.719571672821
-0.71259162848
-0.70554032557
-0.698418469216
-0.691226771597
-0.683965951877
-0.676636736132
-0.669239857276
-0.661776054993
-0.654246075656
-0.646650672256
-0.638990604328
-0.631266637872
-0.623479545279
-0.61563010525
-0.607719102724
-0.599747328794
-0.591715580631
-0.583624661403
-0.575475380195
-0.567268551929
-0.55900499728
-0.550685542598
-0.54231101982
-0.533882266392
-0.525400125182
-0.516865444397
-0.508279077499
-0.499641883117
-0.490954724963
-0.482218471745
-0.473433997082
-0.464602179414
-0.455723901915
-0.446800052406
-0.437831523263
-0.428819211333
-0.41976401784
-0.410666848294
-0.401528612406
-0.392350223992
-0.383132600881
-0.37387666483
-0.364583341424
-0.355253559988
-0.345888253492
-0.336488358459
-0.32705481487
-0.317588566072
-0.308090558682
-0.298561742494
-0.289003070379
-0.279415498199
-0.269799984702
-0.260157491431
-0.250488982627
-0.240795425134
-0.231077788299
-0.221337043878
-0.211574165937
-0.201790130756
-0.19198591673
-0.182162504272
-0.172320875716
-0.162462015215
-0.152586908649
-0.142696543518
-0.132791908853
-0.122873995107
-0.112943794064
-0.103002298735
-0.0930505032628
-0.0830894028176
-0.0731199935014
-0.0631432722467
-0.0531602367174
-0.0431718852088
-0.0331792165476
-0.0231832299925
-0.0131849251336
-0.00318530179323
0.00681464007468
0.0168139004843
0.0268114795178
0.0368063774257
0.0467975947266
0.056784132307
0.0667649915215
0.0767391742924
0.0867056832099
0.0966635216313
0.106611693781
0.11654920485
0.126475061096
0.136388269942
0.146287840073
0.156172781543
0.166042105865
0.175894826114
0.185729957028
0.1955465151
0.205343518684
0.215119988088
0.224874945671
0.234607415948
0.244316425678
0.25400100397
0.263660182373
0.273292994977
0.282898478509
0.29247567243
0.302023619027
0.311541363513
0.321027954123
0.330482442205
0.339903882318
0.349291332327
0.358643853493
0.367960510572
0.377240371907
0.38648250952
0.395685999203
0.404849920617
0.413973357375
0.423055397143
0.432095131724
0.441091657151
0.450044073781
0.458951486378
0.467813004208
0.476627741129
0.485394815672
0.494113351139
0.502782475681
0.511401322396
0.519969029404
0.528484739943
0.536947602448
0.54535677064
0.55371140361
0.562010665901
0.570253727593
0.578439764388
0.586567957689
0.594637494682
0.602647568422
0.610597377907
0.618486128163
0.626313030322
0.634077301699
0.641778165875
0.649414852769
0.656986598719
0.664492646556
0.671932245683
0.679304652145
0.686609128708
0.69384494493
0.701011377236
0.708107708988
0.715133230559
0.722087239404
0.728969040126
0.735777944551
0.742513271796
0.749174348332
0.755760508057
0.762271092361
0.768705450192
0.775062938118
0.781342920396
0.787544769033
0.793667863849
0.799711592541
0.805675350739
0.811558542074
0.817360578231
0.823080879011
0.82871887239
0.834273994571
0.839745690049
0.845133411657
0.850436620629
0.855654786646
0.860787387899
0.86583391113
0.870793851691
0.875666713593
0.880452009553
0.885149261046
0.88975799835
0.894277760596
0.898708095812
0.903048560966
0.907298722017
0.911458153952
0.915526440831
0.919503175829
0.923387961275
0.927180408695
0.930880138847
0.934486781761
0.937999976775
0.941419372573
0.944744627218
0.947975408188
0.951111392407
0.954152266279
0.95709772572
0.959947476186
0.962701232705
0.965358719902
0.967919672031
0.970383833001
0.972750956395
0.975020805504
0.977193153346
0.979267782686
0.981244486064
0.983123065812
0.984903334072
0.986585112819
0.988168233877
0.989652538935
0.991037879564
0.992324117231
0.993511123313
0.994598779111
0.99558697586
0.996475614741
0.99726460689
0.99795387341
0.998543345375
0.999032963836
0.999422679835
0.999712454397
0.999902258548
0.999992073306
0.99998188969
0.999871708718
0.999661541409
0.999351408778
0.99894134184
0.998431381599
0.997821579053
0.99711199518
0.996302700939
0.995393777258
0.994385315028
0.993277415096
0.99207018825
0.990763755212
0.989358246623
0.987853803035
0.98625057489
0.984548722509
0.982748416076
0.98084983562
0.978853170999
0.976758621876
0.974566397704
0.972276717706
0.969889810845
0.967405915812
0.964825280993
0.96214816445
0.959374833893
0.956505566652
0.953540649651
0.950480379379
0.947325061862
0.944075012628
0.94073055668
0.93729202846
0.933759771818
0.930134139977
0.926415495497
0.922604210239
0.91870066533
0.914705251119
0.910618367146
0.906440422094
0.902171833756
0.897813028987
0.893364443662
0.888826522638
0.884199719702
0.879484497531
0.874681327643
0.869790690351
0.864813074715
0.859748978493
0.854598908088
0.849363378506
0.844042913293
0.838638044492
0.833149312585
0.827577266442
0.821922463262
0.81618546852
0.810366855911
0.804467207293
0.798487112624
0.792427169909
0.786287985137
0.780070172222
0.77377435294
0.767401156868
0.760951221319
0.754425191282
0.747823719355
0.741147465679
0.734397097874
0.727573290972
0.720676727346
0.713708096649
0.706668095736
0.699557428603
0.69237680631
0.685126946913
0.677808575392
0.670422423579
0.662969230082
0.655449740215
0.64786470592
0.640214885694
0.632501044513
0.624723953754
0.616884391121
0.608983140563
0.601020992198
0.592998742235
0.584917192892
0.576777152317
0.568579434507
0.560324859228
0.55201425193
0.543648443666
0.535228271011
0.526754575976
0.518228205921
0.509650013478
0.501020856458
0.49234159777
0.483613105333
0.474836251988
0.466011915413
0.457140978035
0.448224326941
0.439262853787
0.430257454714
0.421209030254
0.412118485242
0.402986728725
0.393814673871
0.384603237877
0.375353341881
0.366065910863
0.356741873558
0.347382162364
0.337987713243
0.328559465633
0.319098362349
0.309605349496
0.300081376365
0.290527395347
0.280944361831
0.271333234114
0.261694973299
0.252030543205
0.242340910266
0.232627043438
0.2228899141
0.213130495957
0.203349764941
0.193548699118
0.183728278587
0.173889485381
0.164033303371
0.154160718167
0.144272717021
0.134370288722
0.124454423507
0.114526112953
0.104586349884
0.0946361282663
0.0846764431149
0.0747082903897
0.0647326668977
0.054750570193
0.0447629984769
0.0347709504982
0.0247754254535
0.0147774228869
0.00477794259028
-0.00522201549659
-0.0152214513863
-0.0252193651435
-0.0352147569852
-0.0452066273806
-0.0551939771509
-0.0651758075695
-0.0751511204617
-0.0851189183044
-0.0950782043262
-0.105027982607
-0.114967258177
-0.124895037117
-0.134810326657
-0.144712135277
-0.154599472804
-0.164471350512
-0.174326781223
-0.184164779401
-0.193984361254
-0.203784544832
-0.213564350127
-0.223322799164
-0.233058916107
-0.242771727353
-0.252460261628
-0.262123550088
-0.271760626411
-0.281370526898
-0.290952290566
-0.300504959248
-0.310027577685
-0.319519193622
-0.328978857906
-0.338405624579
-0.347798550971
-0.357156697797
-0.366479129252
-0.375764913099
-0.385013120768
-0.394222827445
-0.403393112169
-0.412523057917
-0.421611751703
-0.430658284666
-0.439661752159
-0.448621253843
-0.457535893775
-0.4664047805
-0.475227027135
-0.484001751463
-0.49272807602
-0.501405128179
-0.510032040244
-0.518607949529
-0.527131998452
-0.535603334614
-0.544021110889
-0.552384485507
-0.560692622136
-0.56894468997
-0.577139863809
-0.585277324143
-0.593356257232
-0.60137585519
-0.609335316063
-0.617233843913
-0.625070648893
-0.632844947328
-0.640555961797
-0.648202921203
-0.655785060857
-0.663301622551
-0.670751854636
-0.678135012094
-0.685450356616
-0.692697156674
-0.699874687593
-0.706982231627
-0.714019078027
-0.720984523114
-0.72787787035
-0.734698430405
-0.741445521229
-0.748118468119
-0.754716603786
-0.761239268421
-0.767685809763
-0.774055583165
-0.780347951653
-0.786562285996
-0.792697964767
-0.798754374401
-0.804730909263
-0.810626971706
-0.816441972126
-0.82217532903
-0.827826469086
-0.833394827184
-0.838879846495
-0.84428097852
-0.849597683151
-0.854829428721
-0.859975692061
-0.865035958548
-0.870009722161
-0.874896485526
-0.879695759972
-0.884407065574
-0.889029931208
-0.893563894588
-0.898008502325
-0.902363309959
-0.906627882014
-0.910801792036
-0.914884622639
-0.918875965541
-0.922775421613
-0.926582600911
-0.930297122722
-0.933918615595
-0.937446717385
-0.940881075285
-0.944221345861
-0.947467195089
-0.950618298388
-0.953674340649
-0.95663501627
-0.959500029187
-0.962269092901
-0.964941930507
-0.967518274724
-0.969997867921
-0.972380462138
-0.97466581912
-0.976853710332
-0.978943916987
-0.980936230066
-0.98283045034
-0.984626388388
-0.986323864617
-0.987922709282
-0.989422762499
-0.990823874264
-0.992125904468
-0.993328722908
-0.994432209303
-0.995436253306
-0.996340754514
-0.997145622476
-0.997850776707
-0.998456146692
-0.998961671894
-0.999367301761
-0.999672995731
-0.999878723235
-0.999984463699
-0.999990206551
-0.999895951215
-0.999701707117
-0.999407493682
-0.99901334033
-0.998519286476
-0.997925381526
-0.997231684869
-0.996438265875
-0.995545203885
-0.994552588204
-0.993460518093
-0.992269102758
-0.99097846134
-0.989588722901
-0.988100026414
-0.986512520749
-0.984826364653
-0.983041726742
-0.981158785477
-0.979177729151
-0.977098755869
-0.974922073525
-0.972647899786
-0.970276462067
-0.967807997511
-0.965242752962
-0.962580984942
-0.959822959625
-0.956968952813
-0.954019249902
-0.950974145862
-0.947833945199
-0.944598961932
-0.941269519556
-0.937845951012
-0.934328598654
-0.930717814216
-0.927013958771
-0.923217402704
-0.919328525665
-0.91534771654
-0.911275373405
-0.907111903493
-0.902857723147
-0.898513257781
-0.894078941837
-0.889555218745
-0.884942540871
-0.880241369482
-0.875452174689
-0.870575435407
-0.865611639308
-0.860561282767
-0.855424870814
-0.850202917086
-0.844895943776
-0.839504481575
-0.834029069626
-0.828470255465
-0.822828594969
-0.817104652299
-0.811298999844
-0.805412218166
-0.799444895937
-0.793397629885
-0.78727102473
-0.78106569313
-0.774782255611
-0.768421340512
-0.761983583919
-0.755469629603
-0.748880128954
-0.742215740915
-0.735477131921
-0.728664975827
-0.721779953843
-0.714822754464
-0.707794073406
-0.70069461353
-0.693525084777
-0.686286204094
-0.678978695361
-0.671603289325
-0.66416072352
-0.656651742196
-0.649077096245
-0.641437543125
-0.633733846786
-0.625966777589
-0.618137112237
-0.610245633689
-0.602293131086
-0.594280399671
-0.586208240712
-0.578077461417
-0.569888874858
-0.561643299886
-0.553341561053
-0.544984488524
-0.536572918001
-0.528107690633
-0.519589652936
-0.511019656706
-0.502398558937
-0.493727221731
-0.485006512214
-0.47623730245
-0.467420469352
-0.458556894597
-0.449647464535
-0.440693070101
-0.431694606727
-0.422652974252
-0.413569076832
-0.404443822849
-0.395278124821
-0.38607289931
-0.37682906683
-0.367547551758
-0.358229282237
-0.348875190086
-0.339486210707
-0.33006328299
-0.32060734922
-0.311119354981
-0.301600249067
-0.292050983379
-0.282472512836
-0.272865795277
-0.263231791366
-0.253571464495
-0.243885780689
-0.234175708509
-0.224442218952
-0.214686285361
-0.20490888332
-0.195110990561
-0.185293586866
-0.175457653967
-0.165604175449
-0.155734136651
-0.145848524569
-0.135948327756
-0.126034536224
-0.116108141343
-0.106170135744
-0.0962215132211
-0.0862632686266
-0.0762963977771
-0.0663218973514
-0.0563407647913
-0.0463539982016
-0.0363625962508
-0.0263675580706
-0.0163698831566
-0.00637057126788
